inn
4703076681
7743857856
7840471255
7723849543
9718081482
9718081482
265044564
7840033195
7840033195
2801220097
7450001007
2312236260
1004001744
7705941698
7705941698
7706206983
7715941601
6506006431
5401992418
7701879760
7701879760
3627000397
274936578
6367052981
6367052981
7703068485
7810687137
7722268930
3442122498
6606024709
5027262517
7726549587
5027083476
7536076678
7718538045
7706701593
5100000010
275075272
7727322780
7727322780
9705138660
7727392882
7733314868
6165016437
1832007271
7810220078
5027096683
5108300030
6670053231
6672181729
6672181729
6451114900
7816277715
9701068934
9701068934
7703428917
9705077538
2309139749
7702619370
5190119530
7734523776
7810216924
3811026559
7713569466
6161058806
5018144813
5018144813
7710927201
5507209087
5507209087
5008042442
5903090220
2462045497
7136037353
7402001769
6165196363
5047183912
3328471623
1648049618
7801509459
6508008995
6501074974
7725505636
7725505636
4101013772
1657054533
7706430713
3528297549
2222058686
4220023963
7325123960
7736045187
7736045187
7720263905
7701536427
5030036042
6628002547
9717059452
9717059452
7726644826
5191204516
5904171190
7801206260
7736229064
7704446309
2356038480
2311237542
7705970498
5044054193
2540138624
1901104455
7717632694
6162074800
7719091049
4213008957
7706784906
7705974044
7802836917
8608000016
2130001337
6165178580
2463226175
6659099112
7723537840
7723537840
3015042714
7723844961
7017135873
5834126634
1658202209
7709621628
7802007123
7722839528
5193410419
7841347300
7841347300
5003061280
3328404610
3328404610
7701225358
7701225358
4105003503
4105003503
7743842257
7729350817
3123160948
2373000582
7814010561
7714572528
3702122206
7713425552
5047152262
5029067462
5042101105
2311189641
7133028008
3257015290
3257015290
3257015290
7719271940
7727198973
6315230513
8602068466
5050126400
7448069914
7722757554
7702513119
5193104130
5017112368
4100006765
7811511390
6658440097
4909070355
7604287662
7806074427
7819026999
7810124293
7728238107
7728732370
7707391440
7842523935
4217068072
7805074390
2722090350
5012098783
5505057030
3123459079
543018378
7705238125
7705886905
7728366170
7718213304
7802699851
7724922443
2607013100
2607013100
5047129979
5110310861
7736652008
277075133
6454049760
6454049760
7725684505
7811075923
7726338473
1420004602
7706811652
2723050060
6381010888
6381010888
7707697734
6150078487
3810076028
2464206510
1327034169
1660321034
6150079233
7728186064
6501292475
7724591262
7724591262
9715271608
9715271608
8911013810
9701065838
7734420273
7842498118
7842498118
3808005693
2705093470
6321176656
5027223645
2426003621
5045018663
5045018663
5603045522
1420003045
6161076435
7720262443
7728837809
7708569340
5032228825
7814632266
3802005714
6732175151
6732175151
3525114733
2536010639
7801178800
7816420235
7816420235
7816420235
7425007693
6449058511
7703469430
9102243513
7810166529
7726702612
7708781428
7743134286
7022013599
7022013599
9721046632
7704317864
3810326670
7842175580
7842175580
7709190971
2511081557
7726266959
7726266959
7729085069
5009096659
7707780693
7707304165
5902111438
7722265873
5258143980
5258143980
721054122
6729032717
5027212964
6606002529
2315984305
2315984305
7726235982
7714780648
1644005200
7743566977
1657254420
7726548343
7743153137
6161070578
7724633410
7743089178
3120100796
9701123832
7705499230
2500000073
7733103070
7801436602
2014019326
7724859350
3702148229
7734392160
7707003721
2636052865
7718832819
7801314509
3802008962
7705508847
7720450824
7720450824
5105006930
7839123430
7734717820
7743521327
7728734000
7810897543
3241015753
5005065667
5005065667
7801252186
7729717511
5031033615
1655382345
7022011190
5404368952
7811580370
7813198889
2315170480
4253015936
7801004803
7721529234
7730237238
2801150450
7736528201
7839457425
7813137124
8709907763
2204017711
7726417936
7202170752
4616005878
7802165433
7721657317
7725169102
7706219950
411101855
2502054596
1420003743
7604196214
5043055660
7714032314
3906360569
2540059700
9705130125
9705130125
8203002223
248002003
6168030944
7710489396
6732175641
7729420366
6658102098
6658102098
6658291247
6658291247
5047090954
5043063170
5506035857
6604026980
7813230814
7705403153
7811639979
6319037334
6730032790
5005066100
7735537595
3459070488
6168087683
6168087683
7805402019
3802005464
7708565995
7703034951
7703034951
5039003080
6166056087
7708568682
7731291478
7704376933
5190020202
4907017500
7708512873
7707781200
7707781200
7017353631
7705939233
7710974321
7724311620
7715404075
9705074167
5032294384
5503209174
5503209174
2465135597
7718632016
5904380080
7751522684
7017383932
5501218670
2536304773
7802482873
6505004791
5005066205
5005066205
9704002434
7810443250
5262222144
1216013815
4239006383
5252040811
7722410947
7728811840
7814555572
5032194206
7826679163
7810118490
7810118490
6162011857
7716595440
7716595440
7703803068
7723921221
3702176804
3702176804
7710548323
7709567459
7709567459
7709567459
2801225360
7801140482
7703803090
7703803090
7816170666
7816170666
7841443821
5042077082
7727174355
7704409829
276065541
7709786891
2311011810
7733319739
7733319739
7726706840
7726706840
274933513
1658017358
6324085950
5000001691
5919492823
7810254743
7714810973
7805205211
7842096384
7702845812
7708783552
7720817712
7720817712
7713655605
5009098007
6141053670
7725844967
5904001110
7802471367
2309119630
9204556307
7703502783
1624006894
1624006894
7709550977
2801105922
278156201
7707633138
4603005479
5433200739
5433200739
6807001878
7722635901
7726284475
7604130710
6639015160
6377005317
7719180203
7725684343
7725684343
6340005960
277922439
7838369409
6628008965
7713771626
7702267181
7708755146
2540250190
7725731709
274937839
7730678970
5040107912
7725360010
7714783399
5903134283
7725688972
8300030378
7751523751
7722416441
7722416441
7723624589
1435324891
2511094348
7447223465
3207004470
1001345828
7723542022
5405346944
5262211819
5018194300
7708332091
7708332091
3123421893
7718933824
7718933824
5433135448
7203078728
7743143160
4908001165
2312010304
5507240143
908003197
1659032038
4345033237
7802841427
7725808479
2465089975
7826726110
1102020230
7726349203
6454099601
4101165006
7726314320
7709713967
6670336222
5190500022
7715772470
3624003329
3802005440
6114017111
7704477459
4214039838
1513064379
4205043690
3123335517
7713312020
2623025984
711005550
711005550
1840010172
1832039273
3665012499
6674147113
6674147113
4028054476
273917854
1420004585
6658172497
5260380152
7710316675
7726362290
7726362290
3662167254
5506211703
4345404114
4345420356
5252013744
9718113776
7733167483
2222077304
3025029720
7813591190
5610133138
9102177780
2464013476
7453023986
2543018558
7701096060
7825671563
5904143971
274927686
5262107783
5406444447
6455066052
5191431188
5407967263
6316105160
6434014984
2801137441
7801300136
2723157007
2723157007
5016020548
5001074156
5001074156
7733223272
7733229838
7702724328
7802800815
7714240280
5834026990
7804542180
7721557513
6317041818
7802115256
7804415061
6123022414
5530005476
2629012660
5036107726
7707578416
5043058999
7726702620
7726702620
7720656046
5408308016
7811495614
7709591540
2308114798
7718134300
2801156116
7743921981
8602264245
5027123513
9715310575
7737507677
7709316180
7708290490
6452046139
2225048894
5406166126
2308264923
7720269375
1832042879
7816351528
3102004970
5257179870
5257179870
275903487
7714365497
2543049370
2221114899
7718778270
5032209300
5032209300
5032209300
7811193677
6319224535
1654036310
3915012470
323398244
5027141583
7743190675
7811348779
1101140415
3808154007
7701724734
9717028020
7722749747
7732016160
6732140504
6732140504
7713025184
7722512152
7714281617
4345480796
4345480796
4345480796
5038095297
6168031592
7704811495
5001039257
6168005874
2460097355
2460097355
2460097355
5904004015
2351002177
7724660935
6168104226
4909084252
7723484719
7811146074
7806046525
7729733746
5008051888
7811401214
7811401214
3249501265
2317045477
7743063300
5038129940
7730564193
5044109893
5044109893
3443040181
7725263289
7801122451
8603001827
7806551951
7806204570
7806204570
7810025126
7810025126
7810025126
2543135780
3849007668
3849007668
1420041072
5404079735
7723742504
2815000366
7731404234
274170967
3123321867
2543115022
2225164467
5003073052
5003073052
7814614517
7733898412
7709936681
7727794101
7727794101
5406259290
7451383775
7731575688
8300080121
7810487642
7707104952
4101161435
6725018327
5003106981
6164105892
7718922371
6313134772
7708331362
7716590770
7707274094
6714034609
7713576745
6167102385
4626006302
9705041651
9705041651
6731083941
1121013165
7728492230
7729543015
7729543015
7702843090
5047038425
7702815127
7702815127
6440024317
1660336111
7707351359
2128042696
6829020017
6829020017
5611080880
5902863974
2312056323
6316162961
4908011205
4908011205
7806489453
4205273976
4004019049
4004019049
7709874971
326551204
7704239662
7733340716
6161033142
6501243982
2464058653
9715370849
2329023502
5024162063
7451192379
3661170293
3661170293
2465214545
7730503338
5003034078
4217178942
7722404816
5018065840
6234162791
5638019724
7730611735
7726572709
2466273656
323009314
323009314
1420000485
9702011384
5029145022
5029145022
7730632710
5406732999
1831141147
2264012860
9705110810
7706802312
7743517105
7705736554
2331003623
7704393992
6625008043
6625008043
7713746926
277130426
3016063587
3016063587
275026490
275026490
6455038305
7802761605
9705138815
2901102435
7713655588
6345009460
7719409003
3808195074
5032083714
411150718
1650266232
7743087117
5405048320
5031072117
7718831075
7733276348
5403015633
7725841780
7725841780
9721073259
7720508601
4101104469
7728768760
2540120190
4909130484
7723519104
7451335122
7720267402
3327848443
7720448399
5017008078
7841025609
7841025609
7841025609
7841025609
7704326139
2466108959
7714670878
2536140123
2536140123
7717764683
9701092180
7702509987
7733701345
9705119202
5022050727
5022050727
1655405627
1655398169
7801567147
7703420428
6658086946
6658086946
6335010442
6686023793
7721854964
7104076984
2540103156
7704695432
7723505616
7723505616
7805592546
7719770160
2312209812
7714109831
7706625800
7706625800
7705946907
7451362711
7451362711
7713154486
5024177020
2543114910
7714382012
7714382012
7708225935
6686064849
6225000160
6225000160
7713561530
2351005266
5503043899
7726662208
7726662208
6685127126
7713301412
7704246589
7704246589
5905021246
3115006572
9715259583
2461039620
7727329016
9729287559
6163141577
6234080203
3849061190
5405418652
5261050767
6661077998
6661077998
1901120993
7816540518
7449107288
5405193857
5405193857
7726708420
7726708420
6501177144
3827000436
7715852140
7715852140
5038092151
5038092151
5038092151
3808141921
3808141921
6364004179
2724078559
2724078559
7817333828
5190044620
1658067239
1841070689
7730652146
7730652146
3702641900
7716874203
6111007299
7723663323
2543123048
7737122540
7731576875
7810887418
7810887418
6455069977
7816589947
5717060059
2540173330
3128047181
7726063780
7719672639
6150091760
7841001703
7841001703
7841001703
7709461879
7710628762
7733550791
9704010883
4108000596
7728497359
9715288182
7451432119
274067977
3802007790
3812157716
3812157716
4629053808
7734512848
7734512848
7729421433
6670358794
5902025531
7708546079
7719760941
6321291793
6658477322
7730121096
9705112246
6449077592
6213010332
3808201105
7728880586
7725698924
7719694311
2723107944
5017024859
6027111904
7804341300
917033550
5038038524
4605005442
1101096942
9102000694
278039949
2271004193
5029129670
7722416346
7448211720
5433150069
5032281610
7709567988
5257094592
7714452284
7805127884
7805127884
7702412008
7721212396
6829119256
7719741321
2312272042
6658464789
6658464789
270407252
5262303072
4212040066
7810801555
7701015167
7805352551
7728607442
7702414157
7736572521
7840466953
7729630437
5261044788
7731541520
7731541520
2801063895
7719861869
7719861869
4501175707
7722572289
7705835562
7705835562
7733758623
5032281628
5029198112
5029198112
5029198112
7810621859
2254003626
5257058379
7722474443
7722600360
6350000199
9702014138
6501095036
2536306523
3444267756
5029207367
6658398180
7705959568
8703001891
6316139970
6316139970
7017437994
5408152658
323117327
2540221551
3917023903
5053019653
6678056795
7707544424
1420001224
7717740996
7450061729
5247051430
5402583778
5402583778
5402583778
4632044930
7731399440
6820020502
5050126375
3812117103
3812117103
7730713399
5262358177
7722198850
7730248864
7709648796
7721848488
7840048586
6165181247
9702010574
7724530189
7802198358
7802316523
2543076060
1655303424
7709336532
2222048198
7710002485
9701085136
4109003920
7714417240
7810847609
6950229110
7805702968
3666178401
7751509958
7751509958
3419007017
6139005492
3662239678
4632088134
7843010887
7714807360
5837074159
7717778291
5402495377
5402495377
7816222096
7801111033
2543098176
5503254522
5408291524
7451436836
7702034211
5024173435
7717765849
3801138750
7714897910
7801212360
572022812
572022812
7707403039
5638062889
3662101214
3662101214
5029197172
5029197172
4725004137
7701975255
7704352918
9728000316
4802000034
7801493343
7801546130
6454044190
7124059384
7802820770
5004025936
7118502520
7713681316
7810917038
7743531540
7453174216
6658131613
6658131613
7804358991
7704837479
544009390
544009390
7751517412
7715713683
7715713683
7715713683
7737504549
7737504549
276103490
5040042895
7721184710
7706594197
5031121188
5029232370
5029232370
5031001571
7014056670
7839005620
2127011889
7811726100
7811726100
7717785620
7704862482
1420041932
9705001641
7612033693
1327022861
3123051160
7722802180
7805642941
4253032579
7701587911
7727275378
3802007260
1434025850
6439038107
6321450605
6321450605
7704404740
6162040791
2502012194
7709279250
2536283146
2309120709
6732101424
1832120301
1633009299
2448004386
6612016329
5948995035
6515003317
6022010099
2222829018
7810525425
2429000160
2464118743
5407109402
7814247560
6679051373
7723802200
3662147233
6732063747
7811102790
7811102790
5032284636
9702014762
9702014762
4205317359
5259045375
6670291162
1658178034
3906373543
1658121937
6315012650
3808213414
3808213414
3664131790
3664131790
7705734660
7705734660
5105008052
6001000149
6154158528
7802393101
3664131422
3664131422
7802328180
6324016717
7806158613
3664119721
7743067791
7705356922
9718145506
7705653562
7813195920
2311215676
7735589995
